953
707
431
376
87
549
350
993
286
554
719
938
871
775
231
746
391
306
276
597
405
307
32
267
936
261
887
89
992
396
113
998
57
604
980
278
804
349
576
201
626
216
623
566
977
505
150
432
715
530
228
985
77
693
644
853
548
851
19
199
88
379
768
123
773
484
756
370
51
625
37
158
18
721
917
99
301
416
598
988
645
469
748
860
341
308
602
971
140
682
878
83
335
289
55
855
367
377
522
43
389
726
943
790
515
40
910
268
400
147
944
712
509
514
838
989
386
966
835
378
229
741
982
82
862
443
957
926
204
178
334
464
652
792
483
805
923
470
97
807
430
48
841
588
434
73
259
787
493
578
433
672
969
770
237
883
665
595
384
858
53
537
663
603
658
991
725
356
976
269
527
292
295
392
106
210
476
591
50
209
212
467
831
244
461
678
729
758
36
609
818
478
889
452
457
388
325
373
700
426
931
28
861
764
128
285
737
126
683
547
144
984
481
250
772
687
901
239
555
571
408
311
870
538
847
811
374
710
403
929
1
581
952
519
317
552
670
539
460
837
355
540
520
489
594
653
27
70
474
666
978
420
573
310
184
510
638
699
740
230
448
134
280
330
869
312
727
103
630
629
423
154
916
136
81
829
142
786
495
920
669
254
947
769
74
556
182
264
709
911
799
531
565
551
912
381
24
274
485
413
550
72
894
303
258
114
739
738
401
504
634
205
866
69
570
909
214
763
490
402
171
688
29
233
703
362
864
815
819
10
187
950
198
75
76
577
157
798
354
215
970
651
92
305
486
842
299
845
506
375
624
38
615
794
54
641
820
614
568
358
933
927
942
174
587
439
272
696
558
8
438
881
745
921
151
810
655
765
105
825
826
455
224
695
365
49
736
743
816
398
190
657
502
813
779
946
260
668
939
12
206
643
499
482
516
342
194
742
718
131
281
843
572
283
806
821
648
628
543
778
238
616
561
903
234
902
115
173
4
58
512
169
21
956
159
427
337
582
240
90
757
646
393
732
197
823
418
64
287
320
733
908
563
475
857
31
153
175
569
854
249
419
619
122
590
304
958
731
62
884
262
120
589
133
253
635
371
85
667
492
383
104
313
34
196
875
459
868
802
17
429
496
647
584
974
704
353
771
546
410
932
793
442
962
428
124
872
2
593
415
361
191
412
162
302
343
891
172
406
321
59
290
192
291
293
33
633
364
948
217
987
80
39
366
119
248
143
686
294
979
256
417
56
567
960
586
279
125
840
297
999
188
491
574
675
800
445
685
23
975
322
473
895
298
701
336
156
983
200
873
605
501
497
890
892
152
477
344
660
521
255
271
524
937
414
263
236
913
42
451
25
781
195
444
112
759
788
223
454
309
494
409
874
326
924
447
251
592
189
751
720
132
796
749
399
754
328
553
44
867
314
282
6
110
684
71
580
959
963
876
219
145
523
127
774
830
865
618
559
893
879
498
583
177
203
925
352
465
612
717
369
705
359
93
941
677
340
919
690
723
95
649
642
500
456
886
528
846
446
316
160
422
176
139
782
9
45
68
600
617
363
116
541
315
242
66
319
951
945
241
518
488
752
380
338
827
11
608
631
785
697
915
266
155
533
5
435
762
407
387
14
930
689
458
562
108
836
606
508
907
30
503
20
165
161
702
146
620
324
441
186
834
692
795
828
202
507
824
135
680
940
713
511
848
859
351
882
783
397
130
163
390
170
232
542
243
535
767
706
101
928
265
997
15
955
809
627
981
766
227
109
137
935
691
532
63
885
149
7
181
780
148
671
896
954
13
760
207
801
372
708
252
899
185
221
61
560
526
822
656
245
714
777
225
323
914
348
0
844
179
329
610
167
673
613
100
640
661
654
730
755
360
296
622
213
466
852
166
247
318
270
141
436
168
681
222
345
246
877
16
904
22
60
967
339
564
368
808
382
98
898
235
453
639
711
284
357
47
193
117
525
84
52
385
839
35
734
257
79
607
996
277
327
856
411
138
611
632
404
96
46
968
803
636
863
972
479
487
94
906
694
78
585
744
601
346
596
545
674
676
395
513
450
536
26
534
333
3
761
394
65
833
791
425
86
990
544
900
273
300
664
817
472
888
880
650
897
468
331
183
776
918
208
347
440
288
463
784
659
621
332
662
111
995
462
735
226
180
449
579
850
724
922
728
698
220
557
67
753
747
275
994
102
637
107
211
964
41
129
716
965
905
789
471
934
164
986
599
797
973
814
849
812
218
832
750
961
679
91
529
424
480
421
121
118
437
722
575
949
517
