 0.07943282 0.07943282 6 6 118.99508028698325 0.408248290463863 12. 2. 90. 269. 53.440107898168854
 0.07943282 0.12589255 6 7 42.634574649812095 0.28867513459481287 24. 11. 188. 36.289256198347104 49.71931330319556
 0.07943282 0.19952624 6 8 92.32950688987586 0.2182178902359924 42. 9. 268. 137.96296296296296 62.338198760193535
 0.07943282 0.31622776 6 9 37.45996163044335 0.2 50. 26. 442. 31.692307692307693 43.89231395201352
 0.07943282 0.5011872 6 10 78.99672019132217 0.18898223650461363 56. 14. 730. 207.57142857142858 30.915323703357764
 0.07943282 0.7943282 6 11 53.46585204515552 0.125 128. 47. 1048. 59.72612041647805 48.05713645653957
 0.07943282 1.2589254 6 12 40.03727853970423 0.1125087900926024 158. 77. 1750. 45.63518299881936 35.351396732085675
 0.07943282 1.9952624 6 13 26.436891635866694 0.10976425998969035 166. 121. 2632. 28.841677481046375 24.387064611559722
 0.07943282 3.1622777 6 14 9.419740865256248 0.1270001270001905 124. 238. 4064. 7.896546854035732 10.861300053602369
 0.07943282 5.0118723 6 15 2.8665081425805714 0.18569533817705186 58. 300. 6604. 3.255911111111111 2.695728304249422
 0.07943282 7.943282 6 16 1.3263586547195003 0.1796053020267749 62. 533. 10120. 1.208603641816473 1.3437589554660399
 0.07943282 12.589254 6 17 0.5590758639437788 0.18569533817705186 58. 744. 15576. 0.6320672910163024 0.5787954441955356
 0.07943282 19.952621 6 18 -0.02204498543615931 0.18257418583505536 60. 1227. 23402. -0.0673577194461216 -0.07170137946515465
 0.07943282 31.622776 6 19 0.03253295883083315 0.1543033499620919 84. 1627. 33772. 0.07166972217825425 0.06786430005759347
 0.07943282 50.11873 6 20 -0.05183869834692777 0.13608276348795434 108. 2278. 46318. -0.036024237640491445 -0.034582806223871554
 0.07943282 79.432816 6 21 0.16307288221425847 0.11043152607484655 164. 2820. 57762. 0.19120869171570848 0.18284072148237307
 0.07943282 125.89252 6 22 -0.2825406260867967 0.14433756729740643 96. 2676. 57126. -0.23416919704800016 -0.20153275509885016
 0.12589255 0.07943282 7 6 34.554097862809854 0.25 32. 18. 270. 25.666666666666668 45.736962966724015
 0.12589255 0.12589255 7 7 34.998524086094974 0.23570226039551584 36. 20. 392. 34.28 35.69094921215901
 0.12589255 0.19952624 7 8 24.944882224212595 0.2041241452319315 48. 37. 650. 21.790357925493062 28.25920984702556
 0.12589255 0.31622776 7 9 28.998770071745813 0.16012815380508713 78. 52. 1012. 28.192307692307693 29.77225995721146
 0.12589255 0.5011872 7 10 27.443278290247882 0.125 128. 90. 1546. 23.430617283950617 31.786513274476093
 0.12589255 0.7943282 7 11 18.86846645274668 0.11470786693528089 152. 153. 2692. 16.479772736981502 21.310277005336708
 0.12589255 1.2589254 7 12 23.038423308722425 0.09053574604251853 244. 203. 4084. 23.181513746997016 22.908014282921975
 0.12589255 1.9952624 7 13 11.933601468058075 0.09622504486493763 216. 334. 6440. 11.46943239269963 12.340599920268096
 0.12589255 3.1622777 7 14 7.521987374333289 0.08980265101338746 248. 582. 10210. 6.475348661447078 8.435144041678745
 0.12589255 5.0118723 7 15 3.6751329981941527 0.10050378152592121 198. 847. 16028. 3.423618884067526 3.827233286181222
 0.12589255 7.943282 7 16 1.745597260856611 0.10660035817780522 176. 1282. 25422. 1.722364869633787 1.7519601137761822
 0.12589255 12.589254 7 17 0.5058691526473745 0.11704114719613057 146. 1939. 39044. 0.5161827167494609 0.509230390124026
 0.12589255 19.952621 7 18 0.11332842085682583 0.11043152607484655 164. 2946. 57958. 0.09519575947042234 0.09864820011407471
 0.12589255 31.622776 7 19 0.019924505686811388 0.09712858623572641 212. 4157. 85374. 0.0473731628945186 0.045609483337691215
 0.12589255 50.11873 7 20 -0.01598876588550098 0.08304547985373997 290. 5894. 116076. -0.031008050954258178 -0.03173649724334804
 0.12589255 79.432816 7 21 -0.11776587032610421 0.07980868844676221 314. 7118. 144410. -0.10502490786509687 -0.10185323418776415
 0.12589255 125.89252 7 22 -0.12957546035026607 0.08219949365267865 296. 6801. 141936. -0.09168032127920159 -0.08244951982069537
 0.19952624 0.07943282 8 6 20.332458717685913 0.25 32. 30. 622. 21.115555555555556 19.647909453163265
 0.19952624 0.12589255 8 7 20.959883974088438 0.18898223650461363 56. 51. 1010. 20.74548250672818 21.1566801781304
 0.19952624 0.19952624 8 8 23.498995558592416 0.14285714285714285 98. 80. 1618. 23.775625 23.24778556596437
 0.19952624 0.31622776 8 9 22.940624290833643 0.11043152607484655 164. 137. 2626. 21.945495231498747 23.8921728449823
 0.19952624 0.5011872 8 10 15.354885016892533 0.10425720702853739 184. 225. 4330. 14.737679012345678 15.917860104899818
 0.19952624 0.7943282 8 11 18.244494008289767 0.08084520834544433 306. 318. 6562. 18.856532573869703 17.712966394507163
 0.19952624 1.2589254 8 12 16.983133672041173 0.0669649530182425 446. 496. 10664. 18.33266129032258 15.867421769102062
 0.19952624 1.9952624 8 13 8.999590023915271 0.06967330142916177 412. 824. 16666. 9.112864077669903 8.909986724254114
 0.19952624 3.1622777 8 14 5.315530541420171 0.06950480468569159 414. 1311. 25618. 5.1707816451884865 5.416760550589555
 0.19952624 5.0118723 8 15 2.968859544826003 0.06984302957695782 410. 2066. 40386. 2.879306224691661 3.0143104318931537
 0.19952624 7.943282 8 16 1.4389243960768954 0.07352146220938077 370. 3034. 63346. 1.5461838995449941 1.4204344461594305
 0.19952624 12.589254 8 17 0.34468814502528095 0.0778498944161523 330. 4908. 97058. 0.329646423283776 0.33727488206767786
 0.19952624 19.952621 8 18 0.07069119257456162 0.07198157507486945 386. 7210. 146752. 0.08968457663016191 0.08688920020376734
 0.19952624 31.622776 8 19 -0.17835037749283936 0.06804138174397717 432. 10515. 212126. -0.1711821506264741 -0.1681591360272744
 0.19952624 50.11873 8 20 -0.010591889185659713 0.053149400345273386 708. 14311. 289716. 0.001534178501676238 0.0016438446670492546
 0.19952624 79.432816 8 21 0.021780663420862798 0.047351372381037836 892. 17459. 361118. 0.05675731047015763 0.05415785365492076
 0.19952624 125.89252 8 22 0.007204221437243126 0.04856429311786321 848. 16838. 354792. 0.06117903297962018 0.05770085148988502
 0.31622776 0.07943282 9 6 16.871607702316656 0.1543033499620919 84. 94. 1594. 14.153463105477591 19.718569114299555
 0.31622776 0.12589255 9 7 15.922383117395075 0.13483997249264842 110. 130. 2546. 15.571597633136095 16.238258237224592
 0.31622776 0.19952624 9 8 16.75328282320786 0.10976425998969035 166. 187. 4116. 18.538905888072293 15.313620576120396
 0.31622776 0.31622776 9 9 15.976048180135228 0.0827605888602368 292. 344. 6558. 15.182193077339102 16.710733040876978
 0.31622776 0.5011872 9 10 14.096657312370137 0.07179581586177382 388. 514. 10124. 13.868173628669624 14.297917573490812
 0.31622776 0.7943282 9 11 12.169594694899427 0.06097107608496924 538. 817. 16346. 12.174970673674023 12.165036999441279
 0.31622776 1.2589254 9 12 10.25811966079248 0.052057920629535355 738. 1311. 25984. 10.157245416795396 10.341823638497509
 0.31622776 1.9952624 9 13 7.186450253061285 0.04926646390821466 824. 2013. 41256. 7.389320386193172 7.036849817188333
 0.31622776 3.1622777 9 14 4.355321755280696 0.048911598804451846 836. 3122. 63960. 4.485913241606241 4.2754487358170765
 0.31622776 5.0118723 9 15 2.587154516515637 0.047036043419179864 904. 5040. 101326. 2.6060210380448474 2.5788506035489336
 0.31622776 7.943282 9 16 1.3565086274889868 0.04693232544639321 908. 7706. 156974. 1.4002449478495629 1.3500124673545233
 0.31622776 12.589254 9 17 0.5932053378034227 0.045501575519329006 966. 12126. 240518. 0.5801182258886018 0.5898361169544419
 0.31622776 19.952621 9 18 0.058388599836086304 0.04540766091864998 970. 18329. 362982. 0.04804343305452158 0.049094016547941655
 0.31622776 31.622776 9 19 -0.10347983662629605 0.040996003084539386 1190. 26546. 527170. -0.10977565066344708 -0.11128382878885879
 0.31622776 50.11873 9 20 -0.005584007599556746 0.033389028164708894 1794. 36080. 721096. -0.006237813481742961 -0.00624559117369583
 0.31622776 79.432816 9 21 0.006041727510305449 0.0300964632714423 2208. 43893. 901280. 0.03292377288284563 0.03190968803260641
 0.31622776 125.89252 9 22 -0.07046064566421424 0.03178208630818641 1980. 42600. 881010. -0.038771077167228725 -0.035169951482714845
 0.5011872 0.07943282 10 6 13.069774908021486 0.11952286093343936 140. 199. 4128. 13.59357086942249 12.63656363927798
 0.5011872 0.12589255 10 7 13.321993453607679 0.0949157995752499 222. 310. 6576. 14.191175858480749 12.616974961121603
 0.5011872 0.19952624 10 8 10.656208730472093 0.0827605888602368 292. 501. 10156. 10.814901135852049 10.526510904593582
 0.5011872 0.31622776 10 9 9.97300144217251 0.06788442333021306 434. 791. 16302. 10.307787834375665 9.707340392986005
 0.5011872 0.5011872 10 10 9.070175365260555 0.055814557218594754 642. 1275. 25458. 9.054001384083046 9.083157943984244
 0.5011872 0.7943282 10 11 9.279019685262204 0.044065264923923174 1030. 2004. 40638. 9.42255309739802 9.16500578353769
 0.5011872 1.2589254 10 12 7.578393490426673 0.03863337046431279 1340. 3124. 65002. 7.925025534419413 7.3229004419215205
 0.5011872 1.9952624 10 13 5.492830445508693 0.03485780871878749 1646. 5070. 101392. 5.492584371073219 5.493000727580109
 0.5011872 3.1622777 10 14 3.7390695051991085 0.0328443092721431 1854. 7824. 159380. 3.8270952519853965 3.689120493193279
 0.5011872 5.0118723 10 15 2.220763712534203 0.031544014893825585 2010. 12481. 251260. 2.2420570028401348 2.212745939835214
 0.5011872 7.943282 10 16 1.0317151731432226 0.03187883565316692 1968. 19372. 389600. 1.0431258638745777 1.0315380464969264
 0.5011872 12.589254 10 17 0.3705853340705583 0.031234752377721213 2050. 29913. 598700. 0.3716495875905491 0.3710736925987199
 0.5011872 19.952621 10 18 -0.009053637020872661 0.029934217004462485 2232. 45046. 901244. -0.008656617918229637 -0.008649525209839526
 0.5011872 31.622776 10 19 -0.0001175817397734613 0.024753688574416857 3264. 65285. 1311970. 0.004725066859010189 0.004702859359573264
 0.5011872 50.11873 10 20 0.004827263978473172 0.021204723241999273 4448. 88529. 1789284. 0.015483660550752908 0.015270519488083556
 0.5011872 79.432816 10 21 -0.022725121428498658 0.01935282499290459 5340. 109279. 2228530. -0.0034793158168475048 -0.0029732294772547574
 0.5011872 125.89252 10 22 -0.09265033714368145 0.020532539058829544 4744. 104564. 2189452. -0.05001722238619257 -0.0436146195380801
 0.7943282 0.07943282 11 6 8.593102624569122 0.09205746178983233 236. 492. 9944. 8.69489060744266 8.513381601279459
 0.7943282 0.12589255 11 7 7.946317212553584 0.07624928516630233 344. 769. 15990. 8.301526478749867 7.6810493293222954
 0.7943282 0.19952624 11 8 7.631567935952921 0.06142951168339512 530. 1228. 25088. 7.817494084817876 7.491734342030696
 0.7943282 0.31622776 11 9 7.07088571663191 0.049507377148833714 816. 2022. 40328. 7.048863099378645 7.087496359759387
 0.7943282 0.5011872 11 10 7.186126699016206 0.03949762527666822 1282. 3132. 63386. 7.283957549393318 7.1130705502012415
 0.7943282 0.7943282 11 11 6.417612380934312 0.033058980245364314 1830. 4934. 100268. 6.537288725156665 6.331592053492164
 0.7943282 1.2589254 11 12 5.338537938656675 0.02831827358942995 2494. 7869. 158694. 5.3917218218825065 5.3024380736233745
 0.7943282 1.9952624 11 13 4.299589297007319 0.024663181183349505 3288. 12408. 251090. 4.362380856176897 4.260952288160833
 0.7943282 3.1622777 11 14 2.968315782374135 0.02256468412032621 3928. 19796. 396726. 2.976557369305122 2.9642363628859894
 0.7943282 5.0118723 11 15 1.7284258189060469 0.021780342093451605 4216. 30903. 620752. 1.7404220034318512 1.7252371382845901
 0.7943282 7.943282 11 16 0.7817677964906995 0.021596710639534004 4288. 48130. 964426. 0.7852209031663284 0.7821899174043851
 0.7943282 12.589254 11 17 0.3101948017288824 0.020344711469278985 4832. 73757. 1487938. 0.32161595546416344 0.3161559670615781
 0.7943282 19.952621 11 18 -0.006318098256548484 0.018904976633935946 5596. 112627. 2228674. -0.016805998816384546 -0.01705266756166246
 0.7943282 31.622776 11 19 -0.030269860650735357 0.01591316013508734 7898. 162884. 3248724. -0.03289618968188045 -0.03306772745269815
 0.7943282 50.11873 11 20 0.0022127997649557347 0.013466868491648147 11028. 220064. 4442810. 0.01171104861368974 0.01158032732027936
 0.7943282 79.432816 11 21 0.010406907909268633 0.012085088526165773 13694. 271048. 5526850. 0.030185866354661306 0.029406509132269498
 0.7943282 125.89252 11 22 -0.0923853343182838 0.01301227636765381 11812. 260276. 5433252. -0.0526400095846013 -0.04655564941914114
 1.2589254 0.07943282 12 6 4.696167087175522 0.07412493166611012 364. 1278. 24900. 4.549310468969267 4.793982230477224
 1.2589254 0.12589255 12 7 4.442084570707734 0.0594438298277764 566. 2080. 39522. 4.170453957100592 4.622915026173838
 1.2589254 0.19952624 12 8 5.061527543454431 0.04607756775840914 942. 3108. 62686. 5.113071013650164 5.027282035195531
 1.2589254 0.31622776 12 9 4.887758606081311 0.036860489038724284 1472. 5000. 100360. 4.9091968 4.8736540626505995
 1.2589254 0.5011872 12 10 4.680542216543403 0.029961075885598987 2228. 7844. 158634. 4.744289135334328 4.639697610664957
 1.2589254 0.7943282 12 11 4.436576329853104 0.0243612768567048 3370. 12397. 250442. 4.491662788023308 4.402104290044683
 1.2589254 1.2589254 12 12 3.924436518247845 0.020302737602678898 4852. 19705. 394618. 3.93111129840097 3.92047798443065
 1.2589254 1.9952624 12 13 3.22146280692993 0.017460757394239454 6560. 31078. 623292. 3.233399628919048 3.215198998075073
 1.2589254 3.1622777 12 14 2.314051374956411 0.015734866893226687 8078. 48748. 979578. 2.329885243204369 2.3078029565207996
 1.2589254 5.0118723 12 15 1.389682364338063 0.014740991400388204 9204. 77028. 1536754. 1.383876315123993 1.3906314550987067
 1.2589254 7.943282 12 16 0.6589922502977746 0.014209075961972871 9906. 119417. 2390058. 0.6602536764196397 0.6592513408749208
 1.2589254 12.589254 12 17 0.23224533473584322 0.01331795258076845 11276. 183008. 3675868. 0.23758439612059953 0.23555750423242672
 1.2589254 19.952621 12 18 0.001001562040617992 0.012006437175952057 13874. 277191. 5533822. -0.0007627274945305167 -0.0007623057996017923
 1.2589254 31.622776 12 19 -0.013649861447227206 0.010047333967105783 19812. 401707. 8043050. -0.01251549760748147 -0.012485440389273239
 1.2589254 50.11873 12 20 -0.02696547999493224 0.008679587653000934 26548. 545652. 1.0995216E+7 -0.01959826381809415 -0.019248361166952943
 1.2589254 79.432816 12 21 0.0046351244136150745 0.007707601246342037 33666. 670186. 1.3687002E+7 0.025909726218454943 0.025276308367177758
 1.2589254 125.89252 12 22 -0.0939097626939386 0.008274075612439386 29214. 644810. 1.3431182E+7 -0.056283103440498125 -0.050294807780072115
 1.9952624 0.07943282 13 6 2.8589132393904175 0.0584206237836986 586. 3037. 61734. 2.9222245147082373 2.828907265114939
 1.9952624 0.12589255 13 7 3.2216368519848433 0.04419417382415922 1024. 4851. 97660. 3.2496594347464565 3.2069872068763496
 1.9952624 0.19952624 13 8 3.1694128765605485 0.035267280792929914 1608. 7713. 154100. 3.1652590858866585 3.1715763162863047
 1.9952624 0.31622776 13 9 3.023344701477916 0.028891599832849384 2396. 11910. 244982. 3.1380665091742506 2.967250445565952
 1.9952624 0.5011872 13 10 2.9085937307030094 0.023112508176051212 3744. 19157. 386702. 2.9450931296072342 2.890935713101289
 1.9952624 0.7943282 13 11 2.982868044646709 0.01817280910462035 6056. 30409. 611582. 3.0053113759358405 2.9717572569321726
 1.9952624 1.2589254 13 12 2.76114628501748 0.01484948371098843 9070. 48228. 969316. 2.7798465052742305 2.752433279505687
 1.9952624 1.9952624 13 13 2.3127700123561064 0.01254714033071239 12704. 76694. 1531182. 2.3070786372213092 2.315029246993571
 1.9952624 3.1622777 13 14 1.7005326086810697 0.011124165631960945 16162. 119690. 2412730. 1.721999823799138 1.695007816182447
 1.9952624 5.0118723 13 15 1.1111058848185695 0.01002459040673642 19902. 188538. 3774246. 1.113144198209689 1.1109987134229544
 1.9952624 7.943282 13 16 0.5341747048468612 0.009429766967877245 22492. 293201. 5863846. 0.5341920802890754 0.5341799805360019
 1.9952624 12.589254 13 17 0.17657120023196035 0.008686789273261792 26504. 450511. 9023090. 0.17830009613278583 0.17777940065663378
 1.9952624 19.952621 13 18 -0.00840441958630284 0.007706914508580943 33672. 679120. 1.357516E+7 -0.008892349389086271 -0.00890086471945395
 1.9952624 31.622776 13 19 -0.017418316925094664 0.006425323527200526 48444. 986015. 1.9727072E+7 -0.017040596949903196 -0.017027355487383433
 1.9952624 50.11873 13 20 -0.024670168828035327 0.005536789614905936 65240. 1337749. 2.6928224E+7 -0.018314460749992385 -0.018036166177527235
 1.9952624 79.432816 13 21 -0.009551882737560705 0.004969714895385964 80978. 1635112. 3.3488726E+7 0.014309891778556514 0.014197958985825099
 1.9952624 125.89252 13 22 -0.0975718110392722 0.005300957359835045 71174. 1577324. 3.280418E+7 -0.06155518882643675 -0.055448045423024506
 3.1622777 0.07943282 14 6 1.969102941984088 0.04218245406095978 1124. 7571. 148862. 1.9190643460984265 1.9857153029107533
 3.1622777 0.12589255 14 7 1.986380208748316 0.03382550457458692 1748. 11706. 236600. 2.018138247768547 1.9760011278094713
 3.1622777 0.19952624 14 8 1.927232705788267 0.027076518053694116 2728. 18638. 373522. 1.9333368461552465 1.925303176761826
 3.1622777 0.31622776 14 9 1.9226500391268206 0.02151657414559676 4320. 29561. 593094. 1.9320342186129098 1.9196970334916714
 3.1622777 0.5011872 14 10 1.9824614860152099 0.016939422832878557 6970. 46738. 937890. 1.992570806606911 1.97914259440897
 3.1622777 0.7943282 14 11 1.9204591360005063 0.013534538532380198 10918. 74766. 1488704. 1.9076568561765297 1.9245118753739927
 3.1622777 1.2589254 14 12 1.817925805375138 0.011008303392317755 16504. 117131. 2354096. 1.8318463269325294 1.8139051232859353
 3.1622777 1.9952624 14 13 1.624816219549942 0.00906472661989917 24340. 185453. 3714668. 1.6288926501236214 1.6238473629706578
 3.1622777 3.1622777 14 14 1.3417628062804556 0.007665817937253505 34034. 290658. 5839476. 1.3524603411269107 1.340208680387028
 3.1622777 5.0118723 14 15 0.879064696568811 0.00682645544666015 42918. 456783. 9152278. 0.8825599439321923 0.879289230614497
 3.1622777 7.943282 14 16 0.4350333941739759 0.006271225804858917 50854. 708721. 1.4240768E+7 0.44180964718446425 0.4376886383464851
 3.1622777 12.589254 14 17 0.16544855049427248 0.00561089842052996 63528. 1090145. 2.188688E+7 0.16998556990354927 0.1686848093181823
 3.1622777 19.952621 14 18 -0.0005168898511554094 0.004931916301434852 82224. 1645263. 3.2935928E+7 0.0004556537385916595 0.00045571326625637454
 3.1622777 31.622776 14 19 -0.02556172043718283 0.004150199411496951 116116. 2383142. 4.7766144E+7 -0.02340969402665318 -0.023301780015380857
 3.1622777 50.11873 14 20 -0.034070140195887805 0.0035800006981002042 156050. 3230951. 6.51673E+7 -0.025834472005951174 -0.02532803393668681
 3.1622777 79.432816 14 21 -0.02441247466674718 0.003220315485287301 192856. 3953476. 8.0954122E+7 -0.001118641134108918 -0.0005232575521759708
 3.1622777 125.89252 14 22 -0.09904351000100167 0.0034219095196053625 170802. 3791415. 7.9023474E+7 -0.061041447887488956 -0.05456239883955116
 5.0118723 0.07943282 15 6 1.2967076866931573 0.031341957040361135 2036. 17729. 358754. 1.3238390516166108 1.2932435549936465
 5.0118723 0.12589255 15 7 1.1357319089112392 0.025717224993681984 3024. 28317. 566680. 1.137101703253552 1.1356449103371355
 5.0118723 0.19952624 15 8 1.1827124084310152 0.020157849256095022 4922. 45098. 899616. 1.1771292655449026 1.1831809655807812
 5.0118723 0.31622776 15 9 1.1666366582487695 0.01614373798900034 7674. 70835. 1422734. 1.1759539927998106 1.1659231277704096
 5.0118723 0.5011872 15 10 1.162980906511564 0.01285011655108568 12112. 111989. 2251552. 1.1744384069776583 1.1621221312957066
 5.0118723 0.7943282 15 11 1.1627042462706045 0.010186067247374876 19276. 178251. 3566510. 1.1636968548407178 1.1626296047472873
 5.0118723 1.2589254 15 12 1.167327754201363 0.008118284579877132 30346. 280020. 5625796. 1.177245145401447 1.1665655732404587
 5.0118723 1.9952624 15 13 1.0548178563121822 0.006627896402228886 45528. 443116. 8878778. 1.0587182113488383 1.0547140008642695
 5.0118723 3.1622777 15 14 0.9316467089327441 0.005450501871252316 67322. 697014. 1.397046E+7 0.9359079938003516 0.9317971669327156
 5.0118723 5.0118723 15 15 0.6876963746219473 0.0046601945261717185 92092. 1091289. 2.1886906E+7 0.6924923809444199 0.6885813476822151
 5.0118723 7.943282 15 16 0.3605703890000873 0.004162585575509024 115426. 1696660. 3.4037692E+7 0.36481600762391786 0.36255950273404514
 5.0118723 12.589254 15 17 0.1299395593880816 0.003684622390092123 147314. 2607360. 5.2281016E+7 0.13288556607709134 0.13220210377441477
 5.0118723 19.952621 15 18 -0.0021645392361139028 0.0031944480184816497 195992. 3928182. 7.8645808E+7 -0.0010799715278252118 -0.0010764488318100174
 5.0118723 31.622776 15 19 -0.01220157619458087 0.002669563231115885 280640. 5681898. 1.14004738E+8 -0.008972727208047612 -0.00890373957273305
 5.0118723 50.11873 15 20 -0.04371569960118474 0.0023315027860373303 367924. 7694551. 1.55318416E+8 -0.03480623918709602 -0.03408142295467187
 5.0118723 79.432816 15 21 -0.03170366190249205 0.0020984891699991925 454168. 9380380. 1.92341766E+8 -0.00722857951603397 -0.006268771652363503
 5.0118723 125.89252 15 22 -0.09315417185730597 0.002222392337776205 404938. 8930325. 1.86882838E+8 -0.05109349154632546 -0.04469965316290769
 7.943282 0.07943282 16 6 0.6864709684519888 0.023782574707724703 3536. 41932. 843050. 0.6954088069927545 0.6881238275442978
 7.943282 0.12589255 16 7 0.70155878423821 0.018801111554573632 5658. 66501. 1335150. 0.7081918726378534 0.7027176628149991
 7.943282 0.19952624 16 8 0.7120351211411933 0.014928699122811834 8974. 104830. 2115300. 0.7273759273871583 0.7145925340020394
 7.943282 0.31622776 16 9 0.6866041893136886 0.011921669684770193 14072. 166861. 3347426. 0.6918315808057842 0.6875725141830351
 7.943282 0.5011872 16 10 0.6992178143846203 0.009442790643683514 22430. 263993. 5303698. 0.7069595813098528 0.7005819858634255
 7.943282 0.7943282 16 11 0.6952512147301415 0.007527952369049562 35292. 416346. 8389910. 0.7081451787790444 0.697551616317801
 7.943282 1.2589254 16 12 0.6684171059667047 0.0060280352771301515 55040. 659760. 1.3259862E+7 0.6766617868649217 0.670047604838945
 7.943282 1.9952624 16 13 0.6271219130230897 0.004860615370501078 84654. 1040494. 2.0912996E+7 0.6352515815631077 0.6289756799217956
 7.943282 3.1622777 16 14 0.5808286044899698 0.003930099903033766 129486. 1638137. 3.291338E+7 0.5881622167250967 0.5827642005155864
 7.943282 5.0118723 16 15 0.45999072698673654 0.0032642806386663573 187696. 2571089. 5.1551734E+7 0.4637404503266327 0.4613740906659505
 7.943282 7.943282 16 16 0.28710895741783704 0.002790238960018936 256890. 3991573. 8.0164274E+7 0.29252785109194723 0.2900977369305682
 7.943282 12.589254 16 17 0.11671327679920615 0.0024159523382531627 342652. 6136543. 1.23138742E+8 0.12047048248028862 0.11967514857211392
 7.943282 19.952621 16 18 -0.008771269778434607 0.00208975577761678 457972. 9240112. 1.85083534E+8 -0.007221784075045478 -0.007196822801820657
 7.943282 31.622776 16 19 -0.016595642228365286 0.0017449987478547853 656810. 1.3357335E+7 2.6824042E+8 -0.012529022025174872 -0.012409080324905952
 7.943282 50.11873 16 20 -0.036512960067667896 0.0015168535328328075 869246. 1.8043011E+7 3.65092268E+8 -0.0251735406692008 -0.02445598823062689
 7.943282 79.432816 16 21 -0.027519054859665444 0.001367754871972731 1069088. 2.1985915E+7 4.51773024E+8 -0.0008178644755976098 -0.000060615670631869456
 7.943282 125.89252 16 22 -0.08092757011980944 0.0014421788606615103 961594. 2.0924457E+7 4.3877707E+8 -0.03633236074357792 -0.030905976215059194
 12.589254 0.07943282 17 6 0.3348157551537734 0.017484762112905908 6542. 98017. 1975480. 0.3451798866993472 0.3399407626593087
 12.589254 0.12589255 17 7 0.2825769213900794 0.014154880754301793 9982. 155649. 3127464. 0.2885972944788664 0.2859287479182304
 12.589254 0.19952624 17 8 0.328103606177335 0.011069507811365602 16322. 245784. 4956660. 0.3392303643027183 0.3336859382828907
 12.589254 0.31622776 17 9 0.30935609948815 0.008845056132894474 25564. 390466. 7849880. 0.3162105869351387 0.31295279593884584
 12.589254 0.5011872 17 10 0.3131727481205595 0.007031973235123176 40446. 615979. 1.2434804E+7 0.32550908556067665 0.31956495835476484
 12.589254 0.7943282 17 11 0.3329156374900673 0.0055423142941016055 65110. 976916. 1.9671454E+7 0.3420531379395722 0.3374575468153944
 12.589254 1.2589254 17 12 0.3146175404699094 0.004435996711756552 101636. 1546181. 3.1091274E+7 0.321798997834334 0.31834128736297274
 12.589254 1.9952624 17 13 0.30882057189701856 0.0035408713662348807 159518. 2437484. 4.9061878E+7 0.317256398763489 0.3132469462874685
 12.589254 3.1622777 17 14 0.29360623142891684 0.002837761686726673 248358. 3839620. 7.7174038E+7 0.30008841416416626 0.2971282791920016
 12.589254 5.0118723 17 15 0.25878048286539257 0.0022967941212993946 379128. 6023488. 1.20856438E+8 0.2628726302406431 0.261182292381962
 12.589254 7.943282 17 16 0.1812862571873101 0.0019009174045180584 553482. 9370452. 1.8792815E+8 0.18460690397032387 0.18358124563214218
 12.589254 12.589254 17 17 0.0904749296877358 0.0015966864180836787 784496. 1.4387563E+7 2.88722932E+8 0.09420208063752261 0.09357302033265036
 12.589254 19.952621 17 18 0.007222379683759918 0.001353246878565317 1092134. 2.1685166E+7 4.34047712E+8 0.008063515749868041 0.008050761079402058
 12.589254 31.622776 17 19 -0.010086306432729224 0.0011360600038752085 1549628. 3.1307062E+7 6.29172668E+8 -0.005252912072895414 -0.00517838007063165
 12.589254 50.11873 17 20 -0.038639704669474174 0.0009915142471817319 2034380. 4.2321211E+7 8.56896782E+8 -0.026705169100490027 -0.025903910637483873
 12.589254 79.432816 17 21 -0.01980035059310802 0.0008892645232965567 2529112. 5.1601902E+7 1.060887844E+9 0.007641663254427793 0.007972791748299679
 12.589254 125.89252 17 22 -0.07602939157142063 0.0009383691729443526 2271342. 4.9162795E+7 1.03009345E+9 -0.031976219133440474 -0.027061061172763856
 19.952621 0.07943282 18 6 0.12004625606117873 0.012484404235973058 12832. 229124. 4608442. 0.12643804950670212 0.12503941354137482
 19.952621 0.12589255 18 7 0.11771447371435091 0.009920459177095626 20322. 363620. 7311184. 0.12372135958482688 0.12243075717409457
 19.952621 0.19952624 18 8 0.12120969298797526 0.007872795556837293 32268. 575569. 1.1574998E+7 0.12745231611602317 0.12607549229215897
 19.952621 0.31622776 18 9 0.11305607507835201 0.006278885546487843 50730. 911507. 1.8321842E+7 0.11870087958581202 0.11753146716628504
 19.952621 0.5011872 18 10 0.10242144345484289 0.005014248172545521 79546. 1443055. 2.9014608E+7 0.10833050193071471 0.10720687899782821
 19.952621 0.7943282 18 11 0.12779531530922952 0.0039389620878850585 128904. 2285853. 4.5903478E+7 0.13244049304209715 0.13137302716669286
 19.952621 1.2589254 18 12 0.12325277991844244 0.003140355980154776 202802. 3610829. 7.2565432E+7 0.12872508008977673 0.12750343762712713
 19.952621 1.9952624 18 13 0.11864179405043405 0.002504362957219074 318886. 5701073. 1.14413546E+8 0.12253449279552821 0.12169814733338224
 19.952621 3.1622777 18 14 0.11792602681334466 0.0019964614133998206 501774. 8976505. 1.80054844E+8 0.12123955273361531 0.1205327623379917
 19.952621 5.0118723 18 15 0.10875294701189814 0.001600852649088351 780418. 1.4076824E+7 2.81951204E+8 0.11043174692584964 0.11010037379432602
 19.952621 7.943282 18 16 0.08667799948580028 0.0012961003403824216 1190564. 2.1911094E+7 4.3826916E+8 0.08683979960626965 0.08681396764758831
 19.952621 12.589254 18 17 0.053793777001620566 0.0010618673383501296 1773738. 3.3662474E+7 6.73278296E+8 0.05388208746402222 0.053873064722774755
 19.952621 19.952621 18 18 0.018648369395392227 0.0008794387706957953 2585942. 5.0769943E+7 1.012203774E+9 0.015484690830655448 0.015591030228936154
 19.952621 31.622776 18 19 0.0009623812759493535 0.0007388825931115022 3663356. 7.3193676E+7 1.467121946E+9 0.00322470860439444 0.0032152664846164525
 19.952621 50.11873 18 20 -0.03132793715261645 0.000646298457883447 4788106. 9.8855121E+7 1.998176304E+9 -0.020962748286469882 -0.020409140311321128
 19.952621 79.432816 18 21 -0.02299902324872624 0.000582806398871356 5888184. 1.20530946E+8 2.474016554E+9 0.0027365461062863333 0.0032565893697222847
 19.952621 125.89252 18 22 -0.07107027389428583 0.0006130410533754049 5321706. 1.14572452E+8 2.40059326E+9 -0.026784437153227505 -0.022331592456501403
 31.622776 0.07943282 19 6 0.027355398659470474 0.008583453830372996 27146. 528442. 1.0575038E+7 0.028000027422675097 0.027965315653317058
 31.622776 0.12589255 19 7 0.025603889943189247 0.006834262666401371 42820. 834986. 1.6757234E+7 0.029178273679686888 0.028988012692148013
 31.622776 0.19952624 19 8 0.04003582042909925 0.005388584949669736 68878. 1324477. 2.654862E+7 0.042398163029076834 0.042211346400157224
 31.622776 0.31622776 19 9 0.03273530428829159 0.0042956055666018836 108388. 2098961. 4.2043808E+7 0.03436664717878491 0.03426081788531077
 31.622776 0.5011872 19 10 0.035391010899861935 0.003411955969674702 171800. 3318417. 6.6566776E+7 0.03852932398649403 0.0383059454559278
 31.622776 0.7943282 19 11 0.04557248554304427 0.0026982421686419797 274706. 5254437. 1.05312976E+8 0.047846463896667524 0.047643731267257294
 31.622776 1.2589254 19 12 0.03603838756398378 0.002155948629340731 430282. 8305954. 1.66418484E+8 0.037948240233002126 0.03781210284860026
 31.622776 1.9952624 19 13 0.03465755069387439 0.0017171184226795009 678312. 1.3111279E+7 2.6249536E+8 0.035764479415602034 0.03568921890095811
 31.622776 3.1622777 19 14 0.03651818084686733 0.0013676678833819398 1069224. 2.0630225E+7 4.1302353E+8 0.037613380417887705 0.037535134651566215
 31.622776 5.0118723 19 15 0.03691164851020709 0.0010920056903341736 1677182. 3.2348238E+7 6.46680356E+8 0.03649831884004322 0.0365275929035318
 31.622776 7.943282 19 16 0.03352659746407231 0.0008770829827933327 2599852. 5.0308244E+7 1.005221526E+9 0.03259992395742267 0.03265926707189171
 31.622776 12.589254 19 17 0.02470623318095206 0.0007104290561486679 3962676. 7.7339503E+7 1.543428592E+9 0.022521273226312206 0.022622190647748175
 31.622776 19.952621 19 18 0.020029882057048278 0.0005798039733515446 5949324. 1.16645212E+8 2.31934089E+9 0.01414107356293335 0.01433949390005651
 31.622776 31.622776 19 19 0.001880687967196809 0.00048710436873193944 8429192. 1.68260483E+8 3.36002996E+9 0.0003796155265781662 0.00038300711835903556
 31.622776 50.11873 19 20 -0.026962679809022144 0.0004253575713490124 1.1054056E+7 2.27197921E+8 4.571878722E+9 -0.020943723845733293 -0.020649209075765174
 31.622776 79.432816 19 21 -0.024813766147845476 0.00038525640668476236 1.3475046E+7 2.76347083E+8 5.649018108E+9 -0.003233453269217034 -0.0026262220450342655
 31.622776 125.89252 19 22 -0.050786116966865684 0.00040210172945886926 1.236967E+7 2.60619089E+8 5.44528818E+9 -0.008331455650265168 -0.00580055302395921
 50.11873 0.07943282 20 6 0.012762262561864253 0.00581297111952802 59188. 1168795. 2.3263376E+7 0.007928476203525034 0.008027704088389154
 50.11873 0.12589255 20 7 0.016355984859590496 0.00460902908261819 94148. 1852582. 3.6865762E+7 0.011298664154504272 0.01143696002496064
 50.11873 0.19952624 20 8 0.034385078371209826 0.0036314450088681055 151660. 2932250. 5.8398612E+7 0.030081498511867907 0.030350833571545888
 50.11873 0.31622776 20 9 0.02097925202982873 0.0029029074405127315 237336. 4648993. 9.2496714E+7 0.015715637064689487 0.015905796357639
 50.11873 0.5011872 20 10 0.016332080594235125 0.0023139036863234967 373542. 7350485. 1.46381204E+8 0.012028547530824451 0.012149147785760928
 50.11873 0.7943282 20 11 0.026694941323777272 0.0018287740410872658 598012. 1.1648786E+7 2.31609858E+8 0.020717604820718428 0.020995253350962306
 50.11873 1.2589254 20 12 0.024173652900914576 0.00145686711850935 942302. 1.8400461E+7 3.65959636E+8 0.01851139491819598 0.018748695898786583
 50.11873 1.9952624 20 13 0.02489612956455156 0.0011593012733929209 1488118. 2.9038201E+7 5.77159794E+8 0.018577375493924065 0.018847063780412565
 50.11873 3.1622777 20 14 0.026904166116287227 0.0009232949119690161 2346114. 4.5691076E+7 9.07740306E+8 0.02011224245956646 0.020425278461261964
 50.11873 5.0118723 20 15 0.026230432288399583 0.0007378621146769136 3673496. 7.1589095E+7 1.420501376E+9 0.018186853985351612 0.018537746278601608
 50.11873 7.943282 20 16 0.026666257009457562 0.000591811300418227 5710360. 1.11236263E+8 2.206258518E+9 0.01818596773552059 0.018559533913478088
 50.11873 12.589254 20 17 0.023494853988651008 0.00047827661362361657 8743226. 1.7084341E+8 3.384023882E+9 0.013698167026903126 0.014057611678085502
 50.11873 19.952621 20 18 0.019634354261680673 0.00039073060263382494 1.3100116E+7 2.56946598E+8 5.07702345E+9 0.007392160207141226 0.007720596190479823
 50.11873 31.622776 20 19 0.005499768881832891 0.00032796629610556857 1.8593946E+7 3.69829696E+8 7.337222396E+9 -0.0025303567345140374 -0.002506451493175632
 50.11873 50.11873 20 20 -0.014754845340962506 0.0002857995133381736 2.448539E+7 4.97021194E+8 9.942954564E+9 -0.014463611950689636 -0.014454977677537673
 50.11873 79.432816 20 21 -0.023153810464481964 0.00026152047660449947 2.9242776E+7 5.9869358E+8 1.220074669E+10 -0.004604195562420689 -0.004086913572731166
 50.11873 125.89252 20 22 -0.03907269664442811 0.00027339031508299223 2.6758622E+7 5.56910494E+8 1.1599238242E+10 0.0007426529079404844 0.002267644458257001
 79.432816 0.07943282 21 6 0.0038063927138109223 0.004110217692552916 118386. 2358645. 4.7042238E+7 0.0010670378898700464 0.001080373715671934
 79.432816 0.12589255 21 7 0.005583656652345587 0.0032634461755351733 187792. 3734832. 7.4530482E+7 0.003387935258937506 0.0034075678612441873
 79.432816 0.19952624 21 8 0.015828190315357538 0.0025800975192087888 300440. 5914931. 1.1802638E+8 0.01353202256419686 0.013598538443794439
 79.432816 0.31622776 21 9 0.01326743986485696 0.0020530159013934257 474510. 9365554. 1.86980154E+8 0.011518751114218143 0.011561600871861089
 79.432816 0.5011872 21 10 0.00788323272778613 0.0016358792174454284 747356. 1.4829602E+7 2.95939052E+8 0.005705471261242696 0.005734896333267292
 79.432816 0.7943282 21 11 0.01580526551612048 0.001295472649075247 1191718. 2.3462551E+7 4.68145764E+8 0.013454225639264754 0.013522102637300248
 79.432816 1.2589254 21 12 0.012801124213276671 0.0010317423437091612 1878830. 3.7100136E+7 7.3952846E+8 0.009465253643435723 0.009538834932460771
 79.432816 1.9952624 21 13 0.012979112684690363 0.0008214459167984734 2963958. 5.8517228E+7 1.165864886E+9 0.009143151619489052 0.009227242904664035
 79.432816 3.1622777 21 14 0.017090155548585496 0.0006537154218997855 4680072. 9.2024883E+7 1.832785798E+9 0.012869975338305585 0.01299480592322233
 79.432816 5.0118723 21 15 0.018475889936609 0.000522004996373854 7339740. 1.44125927E+8 2.865491846E+9 0.012501384187324268 0.012684172976792363
 79.432816 7.943282 21 16 0.01746432301153298 0.00041925562995990905 1.1378164E+7 2.23648088E+8 4.44438579E+9 0.011005597770633663 0.011187475493533938
 79.432816 12.589254 21 17 0.013710045020668282 0.00033931549139225054 1.7370912E+7 3.42705489E+8 6.802772008E+9 0.0061585344443346535 0.006307653875150532
 79.432816 19.952621 21 18 0.016305814721522295 0.00027658900426766255 2.6143286E+7 5.14455665E+8 1.0175185498E+10 0.0050938174863181165 0.005332534124480981
 79.432816 31.622776 21 19 0.011194285452926424 0.0002313656317905343 3.7362188E+7 7.38941206E+8 1.4638395094E+10 0.0016269379255472523 0.0017494037809904217
 79.432816 50.11873 21 20 0.00004413243998223533 0.00020116281092315998 4.9423626E+7 9.88388375E+8 1.9701959314E+10 -0.0032442150325650764 -0.003254772266005679
 79.432816 79.432816 21 21 -0.011275638945444146 0.0001848130941909123 5.8555072E+7 1.184408389E+9 2.3954226362E+10 -0.0001295833988411339 -0.0000024436818737427757
 79.432816 125.89252 21 22 -0.023923739778734087 0.00019466995412625854 5.2775474E+7 1.081335803E+9 2.2251057726E+10 0.004295779505634975 0.004847301890516631
 125.89252 0.07943282 22 6 0.0076319585285531955 0.0030643146115341257 212992. 4227402. 8.3094476E+7 -0.009650816152389571 -0.00968604762629277
 125.89252 0.12589255 22 7 0.011576439877094972 0.0024297552308901326 338770. 6697588. 1.31659692E+8 -0.005692027103115122 -0.005589830610222224
 125.89252 0.19952624 22 8 0.022791887567446847 0.0019196899260101455 542710. 1.061189E+7 2.08533726E+8 0.004982843942843566 0.005475032847469752
 125.89252 0.31622776 22 9 0.017490583374616113 0.0015299411312162563 854438. 1.6794317E+7 3.30245748E+8 0.0004447202294722628 0.000750307059529165
 125.89252 0.5011872 22 10 0.014525638140396828 0.001217841616050264 1348492. 2.6582605E+7 5.22630352E+8 -0.0026492322797519213 -0.0024447147335528996
 125.89252 0.7943282 22 11 0.02155444254436799 0.0009647189999500202 2148960. 4.2070629E+7 8.26421286E+8 0.003394730720988435 0.0038462676713619803
 125.89252 1.2589254 22 12 0.01909731009025122 0.0007685051245805372 3386386. 6.6455816E+7 1.304852604E+9 0.0005341733359970909 0.0008984006869880989
 125.89252 1.9952624 22 13 0.021435177071590348 0.0006113938423499233 5350420. 1.04758496E+8 2.055738022E+9 0.0022524669266385192 0.002705838930030291
 125.89252 3.1622777 22 14 0.023620674039290454 0.0004872375085766283 8424586. 1.64596922E+8 3.22691416E+9 0.0034426627238787347 0.003986873505148036
 125.89252 5.0118723 22 15 0.022066215813255758 0.0003900093122075171 1.3148616E+7 2.57284249E+8 5.034978754E+9 0.00011809652070662847 0.0006049429593648625
 125.89252 7.943282 22 16 0.021372885216106263 0.0003137320712807931 2.031946E+7 3.97868932E+8 7.78360837E+9 -0.0008905142111567631 -0.00043410056141479636
 125.89252 12.589254 22 17 0.020188558738350508 0.00025436679808034374 3.0910722E+7 6.05955722E+8 1.1850007598E+10 -0.0024239904132862472 -0.0020213121506298393
 125.89252 19.952621 22 18 0.02316744307422029 0.00020839741363154314 4.6051666E+7 9.00141581E+8 1.7570333782E+10 -0.0013720658213377183 -0.0008364831126297378
 125.89252 31.622776 22 19 0.0247581328526906 0.00017532032349668337 6.5067702E+7 1.269861293E+9 2.4899855442E+10 0.004730818360992078 0.005318622068407164
 125.89252 50.11873 22 20 0.0209788682220828 0.00015403309758785791 8.4295016E+7 1.651191082E+9 3.264521744E+10 0.009315155210854685 0.009665234958942115
 125.89252 79.432816 22 21 -0.008616151063671803 0.00014652695546623213 9.3152592E+7 1.879166643E+9 3.7934203034E+10 0.0006802277262923634 0.0007539529257600819
 125.89252 125.89252 22 22 -0.03395743183215916 0.00016353073419160796 7.478788E+7 1.548271605E+9 3.1977532914E+10 -0.002341564097284272 -0.0011912463002161644
