 0.07943282 0.07943282 6 6 158.9964144178147 0.3535533905932738 16. 2. 88. 351. 72.81494260716327
 0.07943282 0.12589255 6 7 98.99775901113418 0.25819888974716115 30. 6. 194. 160.66666666666666 61.615812098308865
 0.07943282 0.19952624 6 8 108.9975349122476 0.21320071635561044 44. 8. 248. 169.5 70.6742675480741
 0.07943282 0.31622776 6 9 44.45352682324281 0.2 50. 22. 402. 40.52892561983471 48.560008296516806
 0.07943282 0.5011872 6 10 50.76354584105769 0.15075567228888181 88. 34. 670. 50.003460207612456 51.50515349099193
 0.07943282 0.7943282 6 11 47.16218597270952 0.13018891098082386 118. 49. 1052. 50.70179092044981 44.00183313079508
 0.07943282 1.2589254 6 12 42.869984598433064 0.12126781251816648 136. 62. 1712. 59.57023933402706 31.32571110277904
 0.07943282 1.9952624 6 13 16.29690966679078 0.14433756729740643 96. 111. 2394. 17.653031409788166 15.184786315681409
 0.07943282 3.1622777 6 14 7.151476090007146 0.15249857033260467 86. 211. 3716. 6.178095730104895 7.985642453282125
 0.07943282 5.0118723 6 15 1.6935423302662407 0.22360679774997896 40. 297. 6168. 1.796993504064211 1.6678905838319469
 0.07943282 7.943282 6 16 0.8775089446988459 0.20851441405707477 46. 490. 9314. 0.7844398167430238 0.8711203091212818
 0.07943282 12.589254 6 17 0.24997198763917727 0.2182178902359924 42. 672. 14234. 0.32384672619047616 0.2918258686233828
 0.07943282 19.952621 6 18 -0.17785577935439278 0.20851441405707477 46. 1119. 20982. -0.2291949677397715 -0.25630643446981904
 0.07943282 31.622776 6 19 0.28437488638153996 0.14285714285714285 98. 1526. 29554. 0.24375052604999578 0.26100057467751414
 0.07943282 50.11873 6 20 0.15461329992237405 0.1336306209562122 112. 1940. 38534. 0.1467233499840578 0.14879667576256805
 0.07943282 79.432816 6 21 0.058853495690695125 0.13130643285972254 116. 2191. 44760. 0.08159161550686275 0.07863906140028476
 0.07943282 125.89252 6 22 -0.07628278464473258 0.15249857033260467 86. 1862. 40412. 0.0024193520474502196 0.008218531758966918
 0.12589255 0.07943282 7 6 17.94694381263595 0.3333333333333333 18. 19. 274. 12.662049861495845 24.502534061075053
 0.12589255 0.12589255 7 7 22.999462162672202 0.28867513459481287 24. 20. 374. 21.44 24.528309259010268
 0.12589255 0.19952624 7 8 30.578239687726583 0.18257418583505536 60. 38. 580. 23.099722991689752 39.75682482832421
 0.12589255 0.31622776 7 9 32.190745544121135 0.16012815380508713 78. 47. 1008. 34.592575826165685 30.085956120245182
 0.12589255 0.5011872 7 10 38.38373277976977 0.125 128. 65. 1584. 46.98863905325444 31.68040626188429
 0.12589255 0.7943282 7 11 24.171849682113088 0.11704114719613057 146. 116. 2462. 25.713139120095125 22.83488486442598
 0.12589255 1.2589254 7 12 15.31031409113645 0.1091089451179962 168. 206. 3984. 14.772268828353285 15.798487149145316
 0.12589255 1.9952624 7 13 8.08025627802253 0.1125087900926024 158. 348. 6060. 6.906262386048355 9.131597255356926
 0.12589255 3.1622777 7 14 5.611422083380773 0.11180339887498948 160. 484. 9726. 5.642988866880677 5.589509091284924
 0.12589255 5.0118723 7 15 1.091789856865562 0.15617376188860607 82. 784. 15026. 1.0045879321116202 1.0957828232320383
 0.12589255 7.943282 7 16 0.699875174864033 0.14285714285714285 98. 1153. 23446. 0.7283680191724292 0.7048228537268819
 0.12589255 12.589254 7 17 0.18353512035095798 0.13608276348795434 108. 1825. 34994. 0.13472756614749484 0.14841686372484286
 0.12589255 19.952621 7 18 -0.0269679138138141 0.12403473458920845 130. 2672. 52514. -0.04380703413532217 -0.04505342258076128
 0.12589255 31.622776 7 19 0.04225263313918105 0.10101525445522108 196. 3761. 73518. 0.018692452330383035 0.020101981997345586
 0.12589255 50.11873 7 20 -0.007024162588355674 0.09245003270420485 234. 4713. 96200. 0.013435352167974519 0.013305921289597178
 0.12589255 79.432816 7 21 -0.06622555875067114 0.08838834764831845 256. 5483. 112776. -0.03967074261236021 -0.03674252107710052
 0.12589255 125.89252 7 22 -0.1955394879469197 0.1015346165133619 194. 4823. 100320. -0.16332897402379717 -0.1495131046653594
 0.19952624 0.07943282 8 6 53.284497748901416 0.22941573387056177 38. 14. 622. 119.59183673469387 24.535902406038467
 0.19952624 0.12589255 8 7 16.272340192832267 0.22941573387056177 38. 44. 988. 18.392561983471076 14.602589259536758
 0.19952624 0.19952624 8 8 20.148951331090448 0.14744195615489714 92. 87. 1538. 17.69414717928392 22.66347765740466
 0.19952624 0.31622776 8 9 17.119252060137132 0.13736056394868904 106. 117. 2536. 18.63737307327051 15.873109046141213
 0.19952624 0.5011872 8 10 20.79845328708322 0.09853292781642932 206. 189. 3786. 20.833543293860753 20.766633996431306
 0.19952624 0.7943282 8 11 14.897079637667485 0.08980265101338746 248. 312. 6100. 14.54076265614727 15.215710426773642
 0.19952624 1.2589254 8 12 10.327871137980043 0.08304547985373997 290. 512. 9738. 9.772781372070313 10.808508925714374
 0.19952624 1.9952624 8 13 6.390595921921528 0.08219949365267865 296. 801. 15570. 6.183155886602421 6.546269197858651
 0.19952624 3.1622777 8 14 2.9390630451143327 0.09016696346674323 246. 1249. 23688. 2.7354129901198783 3.0447783426784123
 0.19952624 5.0118723 8 15 1.712510938225862 0.08770580193070292 260. 1917. 38136. 1.6981386376568108 1.7163063033787114
 0.19952624 7.943282 8 16 0.6963605029152349 0.0890870806374748 252. 2971. 58140. 0.6598554341241674 0.6896825835610032
 0.19952624 12.589254 8 17 0.33360585843835106 0.08247860988423225 294. 4409. 88946. 0.3452207414461471 0.339359627877706
 0.19952624 19.952621 8 18 0.04935919949955623 0.07669649888473705 340. 6480. 131654. 0.06601413656454809 0.06421159419178157
 0.19952624 31.622776 8 19 -0.07099413687398297 0.06819943394704735 430. 9257. 185022. -0.07156543776891132 -0.0716531600660848
 0.19952624 50.11873 8 20 -0.07135324740669467 0.0601929265428846 552. 11888. 239736. -0.06361437118806483 -0.0624989144128969
 0.19952624 79.432816 8 21 -0.0028404694315689646 0.05383819020581655 690. 13839. 281134. 0.01286845109393183 0.012712923723329106
 0.19952624 125.89252 8 22 -0.038483086431402094 0.05976143046671968 560. 11648. 250226. 0.03280358463651733 0.033195597970227864
 0.31622776 0.07943282 9 6 16.830925703190193 0.1643989873053573 74. 83. 1616. 16.358687763100594 17.261601330623137
 0.31622776 0.12589255 9 7 11.949350087772771 0.14907119849998599 90. 139. 2502. 10.654676258992806 13.165671904507139
 0.31622776 0.19952624 9 8 19.36318001681278 0.1091089451179962 168. 165. 3882. 22.95504132231405 16.609772295202866
 0.31622776 0.31622776 9 9 13.520222541342772 0.09712858623572641 212. 292. 6084. 14.127228373053105 13.017827263801763
 0.31622776 0.5011872 9 10 11.382795993360936 0.08481889296799709 278. 449. 9558. 12.180113193882967 10.7546995792224
 0.31622776 0.7943282 9 11 11.173640227442423 0.06482037235521644 476. 782. 15352. 10.94973868564439 11.364263118247504
 0.31622776 1.2589254 9 12 8.764881836322163 0.058621038176054914 582. 1192. 24304. 8.955159677492006 8.616467847936342
 0.31622776 1.9952624 9 13 4.249756152023198 0.06201736729460423 520. 1981. 38604. 4.115248062041183 4.335210168644537
 0.31622776 3.1622777 9 14 2.625255683826832 0.06097107608496924 538. 2968. 60258. 2.680181141520332 2.600999292939977
 0.31622776 5.0118723 9 15 1.4538795404423128 0.0594438298277764 566. 4613. 93734. 1.4931400336159664 1.4467321141610257
 0.31622776 7.943282 9 16 0.44728147277542635 0.06178020632152155 524. 7241. 144900. 0.44811341743235406 0.4475990109046737
 0.31622776 12.589254 9 17 0.2799141124771554 0.052851642258169 716. 11188. 220850. 0.2632971329284441 0.27044234834946757
 0.31622776 19.952621 9 18 0.01694698051588317 0.048911598804451846 836. 16441. 325378. 0.00632440255844254 0.006570051059319626
 0.31622776 31.622776 9 19 -0.06355449350756849 0.04311306135592268 1076. 22980. 458782. -0.06520023844853927 -0.0654269152807958
 0.31622776 50.11873 9 20 0.039798972972965925 0.03571428571428571 1568. 30159. 597646. 0.03028221016716666 0.030929553186887393
 0.31622776 79.432816 9 21 -0.006006416338341357 0.034441829515914534 1686. 33923. 701838. 0.02826710898525747 0.02752513016818947
 0.31622776 125.89252 9 22 -0.08320541621969621 0.038662233651352955 1338. 29188. 621764. -0.02349828322989154 -0.016974001844485165
 0.5011872 0.07943282 10 6 9.053250638552527 0.14586499149789456 94. 187. 3872. 9.408304498269896 8.778533683167073
 0.5011872 0.12589255 10 7 11.013382652532162 0.10660035817780522 176. 293. 6054. 11.411373458048434 10.692287308709464
 0.5011872 0.19952624 10 8 8.487453416616146 0.08944271909999159 250. 527. 9614. 7.654119663412895 9.208445025269565
 0.5011872 0.31622776 10 9 9.776960556640368 0.06933752452815364 416. 772. 14864. 9.37515101076539 10.116875275160314
 0.5011872 0.5011872 10 10 8.991279914791317 0.05832118435198043 588. 1177. 23868. 9.130722738064387 8.881285133402521
 0.5011872 0.7943282 10 11 7.310411871649347 0.050251890762960605 792. 1906. 38712. 7.439660915053693 7.21377117647126
 0.5011872 1.2589254 10 12 5.829428943397074 0.043396303660274624 1062. 3110. 60672. 5.661807053276951 5.950945222871852
 0.5011872 1.9952624 10 13 3.995682830329159 0.04103049699311091 1188. 4756. 94818. 3.979933452215819 4.005156880947547
 0.5011872 3.1622777 10 14 2.3723391261823674 0.03952847075210474 1280. 7591. 149646. 2.324123109199561 2.392244744729122
 0.5011872 5.0118723 10 15 1.2490963545507654 0.038954469356580985 1318. 11720. 233502. 1.2405301459539424 1.2500487234968576
 0.5011872 7.943282 10 16 0.5200144715387227 0.03809696588797297 1378. 18131. 359580. 0.5073053125905969 0.515967373500217
 0.5011872 12.589254 10 17 0.2253902125421704 0.03431991115272901 1698. 27713. 547212. 0.20983519689953561 0.21543094917165284
 0.5011872 19.952621 10 18 -0.0204500866530122 0.0316069770620507 2002. 40875. 811300. -0.027857303444341574 -0.028225380386483923
 0.5011872 31.622776 10 19 0.03007396900155739 0.026082026547865053 2940. 57082. 1141616. 0.030075398261027397 0.030075314802036957
 0.5011872 50.11873 10 20 0.004190978833721068 0.02319318035213566 3718. 74048. 1481902. 0.004852237130728443 0.004846286104928765
 0.5011872 79.432816 10 21 0.009042104841463602 0.021546520679428586 4308. 85386. 1737590. 0.026714428081160948 0.02609896871830719
 0.5011872 125.89252 10 22 -0.09715537345016308 0.02470831055537004 3276. 72569. 1544980. -0.038909072149735914 -0.03066297340399693
 0.7943282 0.07943282 11 6 5.761559265111313 0.10976425998969035 166. 491. 9300. 5.403656862216433 6.027684315090938
 0.7943282 0.12589255 11 7 7.362532995389559 0.07761505257063328 332. 794. 15096. 6.9498505795988805 7.6928166228357675
 0.7943282 0.19952624 11 8 5.448300662911108 0.07124704998790965 394. 1222. 24186. 5.381427779310567 5.494915731315627
 0.7943282 0.31622776 11 9 5.876514340968543 0.05572782125753528 644. 1873. 37924. 5.96184661396431 5.816742260932103
 0.7943282 0.5011872 11 10 6.239717313485928 0.04299335803923478 1082. 2989. 60160. 6.285900873740125 6.20650401502691
 0.7943282 0.7943282 11 11 5.627070419672798 0.03571428571428571 1568. 4732. 95208. 5.666993452610202 5.59936277512787
 0.7943282 1.2589254 11 12 4.146177257326505 0.03222454963485545 1926. 7485. 149022. 4.122984726968968 4.160420479869529
 0.7943282 1.9952624 11 13 3.043983727189277 0.028843487226888048 2404. 11889. 234962. 2.9961468520025787 3.068451745523537
 0.7943282 3.1622777 11 14 2.0825975844498963 0.026306682088232818 2890. 18750. 369360. 2.03630336 2.099103845393282
 0.7943282 5.0118723 11 15 0.9085630567865944 0.026773977630083295 2790. 29236. 577192. 0.8840334097064811 0.9073725704950277
 0.7943282 7.943282 11 16 0.4197349547893923 0.02499219116020307 3202. 45106. 891142. 0.4024894696729083 0.41259981943388113
 0.7943282 12.589254 11 17 0.22770915780639692 0.021826986543983434 4198. 68386. 1360334. 0.2211066131563175 0.22353336781927147
 0.7943282 19.952621 11 18 -0.0036022819296295723 0.019980029950087342 5010. 100560. 2007986. -0.005172282236183814 -0.005186129928788308
 0.7943282 31.622776 11 19 0.026960274776791218 0.01655438565145405 7298. 142125. 2831522. 0.023016984151074168 0.023209624996419098
 0.7943282 50.11873 11 20 -0.007590077258038748 0.014776353114138541 9160. 184597. 3673644. -0.012485993503391433 -0.01258552703945981
 0.7943282 79.432816 11 21 -0.01203664873010471 0.013827674747047453 10460. 211744. 4306722. 0.00474602673750863 0.004867804917867313
 0.7943282 125.89252 11 22 -0.12835578491611843 0.01591920808366894 7892. 181079. 3837132. -0.07645589372089183 -0.06494620645798588
 1.2589254 0.07943282 12 6 3.5835741146076345 0.08481889296799709 278. 1213. 23600. 3.458976640122226 3.655767094254453
 1.2589254 0.12589255 12 7 3.57012818960739 0.06772854614785964 436. 1908. 37164. 3.4509447147396597 3.6389488171650695
 1.2589254 0.19952624 12 8 4.212426741486297 0.051708768999501914 748. 2870. 59110. 4.367830130267455 4.119424170666623
 1.2589254 0.31622776 12 9 4.102058171099382 0.04106507811765909 1186. 4649. 94096. 4.1634117500688586 4.065198362085329
 1.2589254 0.5011872 12 10 3.601326239269891 0.03456505649101418 1674. 7276. 148170. 3.685223940320863 3.554744625682522
 1.2589254 0.7943282 12 11 3.7619610675962907 0.026812446008585934 2782. 11684. 236196. 3.813340305319552 3.7324789522101023
 1.2589254 1.2589254 12 12 3.100389134865962 0.022833668863877152 3836. 18710. 371098. 3.0664893315252835 3.117898778395297
 1.2589254 1.9952624 12 13 2.4608414693912732 0.01990074380419978 5050. 29183. 583780. 2.461630590212425 2.4605084527998553
 1.2589254 3.1622777 12 14 1.619789810504594 0.01820289157696537 6036. 46079. 919202. 1.613088391910652 1.6213792978611292
 1.2589254 5.0118723 12 15 0.8905228832863524 0.01715238110873599 6798. 71915. 1432080. 0.8823894070367794 0.8900498517630484
 1.2589254 7.943282 12 16 0.4199104638493753 0.015889037089179058 7922. 111582. 2215488. 0.4096651306748289 0.4156944195991452
 1.2589254 12.589254 12 17 0.18303839995889343 0.014146380174561475 9994. 168951. 3363824. 0.17774447786414674 0.17936618485085853
 1.2589254 19.952621 12 18 0.004230915849473313 0.01259481804649696 12608. 251092. 4982230. -0.0036676751963544817 -0.003663210011929152
 1.2589254 31.622776 12 19 0.0038773858042399625 0.01064613233720856 17646. 351549. 7023764. 0.002869565614413766 0.00287634587187946
 1.2589254 50.11873 12 20 -0.004384035012514202 0.009381507012470374 22724. 456471. 9125682. -0.00476938248869189 -0.004772926638430097
 1.2589254 79.432816 12 21 -0.01271912724040958 0.008790550665692374 25882. 524297. 1.0696664E+7 0.0071437026126127 0.007253660814657725
 1.2589254 125.89252 12 22 -0.09859185932239742 0.009957769032524634 20170. 447512. 9498286. -0.043374904260327744 -0.035180500371107426
 1.9952624 0.07943282 13 6 2.598535272372995 0.06201736729460423 520. 2890. 57850. 2.601728906502556 2.5971178595316395
 1.9952624 0.12589255 13 7 2.349763466551664 0.05070201265633938 778. 4645. 91816. 2.3107510767159383 2.3656684673575135
 1.9952624 0.19952624 13 8 2.6864038727347843 0.03829197905337418 1364. 7400. 145486. 2.6238660336011685 2.7155065087399546
 1.9952624 0.31622776 13 9 2.6872921158414207 0.030743773095067282 2116. 11477. 230822. 2.7079690443010267 2.677883186599325
 1.9952624 0.5011872 13 10 2.3338044432072897 0.025590600763038537 3054. 18321. 366866. 2.3379370943266204 2.3321530794249834
 1.9952624 0.7943282 13 11 2.5076264580230605 0.019849711139180454 5076. 28942. 581032. 2.520988337888094 2.501905131599829
 1.9952624 1.2589254 13 12 2.24880488927885 0.016419940661725654 7418. 45665. 914074. 2.2516310427427024 2.2477194911456917
 1.9952624 1.9952624 13 13 1.7742787959506545 0.014173351371926586 9956. 71772. 1439150. 1.7815114564130794 1.772265467685745
 1.9952624 3.1622777 13 14 1.3226445461645566 0.012317550292699011 13182. 113506. 2261834. 1.3142186915197482 1.32381926489701
 1.9952624 5.0118723 13 15 0.7771564306953581 0.011266577585945384 15756. 177313. 3531102. 0.7695998768080559 0.7762048430161552
 1.9952624 7.943282 13 16 0.36031799997765923 0.010361720735619315 18628. 273871. 5449098. 0.3533145550644561 0.35700762573217526
 1.9952624 12.589254 13 17 0.12809434391510377 0.009216296285241798 23546. 417438. 8294038. 0.12072535776372421 0.12236139546302316
 1.9952624 19.952621 13 18 -0.006483644622005133 0.00808663526398677 30584. 615658. 1.2255732E+7 -0.011095197000301149 -0.011177172281081726
 1.9952624 31.622776 13 19 0.008885084254607422 0.006764481768719691 43708. 866442. 1.727231E+7 0.005616443343670929 0.005663578895891197
 1.9952624 50.11873 13 20 -0.013715170651471759 0.006009502526928737 55380. 1122977. 2.2418812E+7 -0.015481630912380803 -0.015534016922970073
 1.9952624 79.432816 13 21 -0.027143079268179143 0.005659752785133548 62436. 1283531. 2.621223E+7 -0.006595055161307701 -0.005897200773547939
 1.9952624 125.89252 13 22 -0.10528998930001529 0.006391244368272622 48962. 1094453. 2.3247312E+7 -0.049750473730077335 -0.04068877785717229
 3.1622777 0.07943282 14 6 1.6858844767066765 0.045501575519329006 966. 7193. 141396. 1.6399404444389982 1.697821222702629
 3.1622777 0.12589255 14 7 1.4521603196247472 0.03790490217894517 1392. 11353. 225466. 1.4350003032416427 1.4553467991016578
 3.1622777 0.19952624 14 8 1.5640741423773463 0.0297219149138882 2264. 17659. 354450. 1.5733519653928223 1.5620404601873608
 3.1622777 0.31622776 14 9 1.6394769729380514 0.023218173010628604 3710. 28111. 563854. 1.6472075024504216 1.63760953504087
 3.1622777 0.5011872 14 10 1.5733138414103607 0.01864685351570504 5752. 44704. 893184. 1.5707926126596055 1.5738761019883052
 3.1622777 0.7943282 14 11 1.5852872554170396 0.014779580449136978 9156. 70830. 1411170. 1.5754352503201736 1.5875261985326867
 3.1622777 1.2589254 14 12 1.5060349070162053 0.012001248194721752 13886. 110818. 2229644. 1.5211116035980048 1.5030087281108393
 3.1622777 1.9952624 14 13 1.3370103963457296 0.009876814182432664 20502. 175451. 3508664. 1.33682566803666 1.3370370373406089
 3.1622777 3.1622777 14 14 1.0615059831596645 0.008387089792227844 28432. 275831. 5509428. 1.05886454327193 1.0615848928469398
 3.1622777 5.0118723 14 15 0.6629044220866345 0.007471638255224715 35826. 430875. 8585274. 0.656722952265602 0.6616466703672985
 3.1622777 7.943282 14 16 0.32313456939825624 0.006732976360389807 44118. 666856. 1.3268798E+7 0.3163860544156583 0.3196645869532915
 3.1622777 12.589254 14 17 0.11519699531444569 0.005947115501044907 56548. 1014112. 2.0177136E+7 0.10944282822041565 0.11060793114209244
 3.1622777 19.952621 14 18 0.009593818359556137 0.005142832793175848 75618. 1497955. 2.9849198E+7 0.005912765523624086 0.005969510558119451
 3.1622777 31.622776 14 19 -0.008774996794087615 0.004378684948232147 104314. 2104702. 4.1991664E+7 -0.011163573871313625 -0.01121173634954109
 3.1622777 50.11873 14 20 -0.011701888912531712 0.003857411547023372 134412. 2720009. 5.4440382E+7 -0.01094936724360576 -0.010932132978219045
 3.1622777 79.432816 14 21 -0.03866659124138455 0.003659984753999263 149304. 3106116. 6.3547004E+7 -0.01659778612078774 -0.01535758271580867
 3.1622777 125.89252 14 22 -0.10780153222404511 0.004123579864572394 117620. 2636574. 5.6194216E+7 -0.049191925027623436 -0.03951455153434946
 5.0118723 0.07943282 15 6 0.9898413294935792 0.034380708208626445 1692. 17006. 340734. 0.9934781546409678 0.9898598625827308
 5.0118723 0.12589255 15 7 1.0112685659059044 0.02711630722733202 2720. 27047. 539924. 1.007535965804991 1.011289517485828
 5.0118723 0.19952624 15 8 1.0694386056536385 0.021329769189683427 4396. 42484. 853768. 1.079441736428766 1.0691045720324854
 5.0118723 0.31622776 15 9 1.0129641320967784 0.017197979012252743 6762. 67183. 1354832. 1.02974661690262 1.0128569412050075
 5.0118723 0.5011872 15 10 0.9877952973195169 0.01370892405550602 10642. 107071. 2140826. 0.9872884455792483 0.9877921845480384
 5.0118723 0.7943282 15 11 0.9849915071959475 0.010912843407860853 16794. 169206. 3383444. 0.9846394677699541 0.9849888449586606
 5.0118723 1.2589254 15 12 0.9301264953109308 0.008804509063256237 25800. 267334. 5341662. 0.9283582350530601 0.9300624229102874
 5.0118723 1.9952624 15 13 0.865187566929114 0.0071357613165434946 39278. 421160. 8414416. 0.8632842417661415 0.8650498574533432
 5.0118723 3.1622777 15 14 0.7306580621647428 0.0059107477382662945 57246. 661537. 1.3200368E+7 0.7267239228770505 0.7300443979388513
 5.0118723 5.0118723 15 15 0.5335439692372891 0.005022462973864544 79286. 1034000. 2.059196E+7 0.5270495049927232 0.5315601553507412
 5.0118723 7.943282 15 16 0.28788448179812715 0.004411325884735482 102776. 1596008. 3.1823878E+7 0.2840285614932051 0.28574600858309873
 5.0118723 12.589254 15 17 0.1010152809492928 0.0038649525881444143 133888. 2432028. 4.8375424E+7 0.09503826992238774 0.0961083825089617
 5.0118723 19.952621 15 18 0.0074836324782686 0.0033265209409639013 180738. 3587829. 7.1468778E+7 0.0034652947169803395 0.0035091392702759627
 5.0118723 31.622776 15 19 -0.001235448043612573 0.0028209333953541247 251330. 5032705. 1.00497294E+8 -0.0027690455140561244 -0.0027752038479536
 5.0118723 50.11873 15 20 -0.022295123526215665 0.0025103688403192792 317362. 6491834. 1.30022274E+8 -0.0208756090701971 -0.02081302102769178
 5.0118723 79.432816 15 21 -0.032008058701594184 0.00236509742873638 357546. 7387210. 1.51361086E+8 -0.008288684347782894 -0.007324882162064172
 5.0118723 125.89252 15 22 -0.10549125080204998 0.002676246936493522 279240. 6243287. 1.33202184E+8 -0.04574954499145519 -0.03628097929003771
 7.943282 0.07943282 16 6 0.5657202004762022 0.025141822757713452 3164. 40415. 802236. 0.5540087342920258 0.5624473403729346
 7.943282 0.12589255 16 7 0.5904691816841654 0.019896804232983473 5052. 63527. 1271300. 0.5914562183534461 0.5907231766921439
 7.943282 0.19952624 16 8 0.615644465711774 0.015670978520180567 8144. 100812. 2013670. 0.6136212458192254 0.6151625460761732
 7.943282 0.31622776 16 9 0.5529992864520339 0.012685698213721506 12428. 160048. 3191942. 0.5486587581783048 0.5517464480037408
 7.943282 0.5011872 16 10 0.5512691160827946 0.010092775300822561 19634. 253129. 5040398. 0.5445067489935694 0.5493044222002341
 7.943282 0.7943282 16 11 0.5705636585271858 0.0079969297683403 31274. 398243. 7977712. 0.5731331544422043 0.5712650835286608
 7.943282 1.2589254 16 12 0.5628348689710505 0.006364007169898165 49382. 631940. 1.2600662E+7 0.5581538807506864 0.5615215424415074
 7.943282 1.9952624 16 13 0.5132379041662849 0.005157106231293967 75200. 993873. 1.984015E+7 0.5104314046427159 0.5123334621731896
 7.943282 3.1622777 16 14 0.47237631428732774 0.004172829037543088 114860. 1560164. 3.1138378E+7 0.4693467382566646 0.4712884321490778
 7.943282 5.0118723 16 15 0.3732786127749334 0.003460518373261872 167012. 2432256. 4.8572172E+7 0.3712499799924178 0.37235143861254216
 7.943282 7.943282 16 16 0.23275214368689912 0.0029375322269707595 231774. 3760185. 7.5025526E+7 0.22985904546231517 0.2309472836754165
 7.943282 12.589254 16 17 0.10332536213759161 0.00251872389444761 315260. 5714596. 1.14047382E+8 0.10098936981860655 0.10142286868570616
 7.943282 19.952621 16 18 0.006071056838845932 0.002169029001419558 425108. 8450665. 1.68390532E+8 0.002386422245289181 0.0024175107749382363
 7.943282 31.622776 16 19 -0.003958069536025373 0.0018424800494691808 589148. 1.1829518E+7 2.36584724E+8 -0.003959475855758172 -0.003959487034621012
 7.943282 50.11873 16 20 -0.01316186949658524 0.0016314646516816234 751406. 1.5228215E+7 3.05639176E+8 -0.009656902027893535 -0.009576143094921052
 7.943282 79.432816 16 21 -0.03503489320897553 0.00154761125036262 835038. 1.7306725E+7 3.55434322E+8 -0.009086338286709976 -0.00793095791106313
 7.943282 125.89252 16 22 -0.10602349448761808 0.0017502106942942517 652904. 1.460641E+7 3.12795462E+8 -0.042755678100586315 -0.032922312513368746
 12.589254 0.07943282 17 6 0.28645070731272687 0.018251335818524617 6004. 93340. 1882684. 0.297425777249037 0.2924867006832703
 12.589254 0.12589255 17 7 0.27219627695560267 0.014504945216194557 9506. 149439. 2985148. 0.27067876510558386 0.27132709522018916
 12.589254 0.19952624 17 8 0.28922141967224696 0.011469277677315082 15204. 235858. 4727538. 0.29208673009481917 0.2907976306392961
 12.589254 0.31622776 17 9 0.28855869473294415 0.009136707411447382 23958. 371849. 7485402. 0.2969775348869419 0.29317674744926725
 12.589254 0.5011872 17 10 0.2806213343493551 0.007268355560311565 37858. 591231. 1.184215E+7 0.2825485973408492 0.2817023318897629
 12.589254 0.7943282 17 11 0.2672622628787889 0.005808654604785884 59276. 935476. 1.872569E+7 0.26838593881704104 0.26791140265482616
 12.589254 1.2589254 17 12 0.26264989888778045 0.0046308208375818345 93264. 1477241. 2.9555312E+7 0.2631265995063018 0.262928172854463
 12.589254 1.9952624 17 13 0.2567592970373512 0.003697344060974135 146302. 2328190. 4.655677E+7 0.25659771719974794 0.2566637273013559
 12.589254 3.1622777 17 14 0.2425723843708968 0.002967973254929958 227044. 3654337. 7.3078888E+7 0.2424667334045402 0.24250797785007427
 12.589254 5.0118723 17 15 0.22045189989784034 0.002397778193078917 347866. 5700482. 1.139815E+8 0.22017801050757854 0.2202769172707335
 12.589254 7.943282 17 16 0.15788573787244167 0.0019799030263286267 510202. 8812451. 1.7606337E+8 0.15669201278618758 0.15701666217287613
 12.589254 12.589254 17 17 0.08430680960972724 0.0016604104038828453 725436. 1.3380341E+7 2.67607894E+8 0.08433546115009864 0.08433100509290758
 12.589254 19.952621 17 18 0.011694434645944406 0.0014126139763905418 1002266. 1.9813167E+7 3.95178596E+8 0.008947600195266841 0.009003797615651177
 12.589254 31.622776 17 19 0.00022253616070914528 0.0012000479068686825 1388778. 2.7768758E+7 5.55373152E+8 0.00024133507904334486 0.00024132636086959813
 12.589254 50.11873 17 20 -0.016039430913313876 0.0010666055353296888 1758014. 3.5732623E+7 7.177104E+8 -0.011806998029381541 -0.011687731710633975
 12.589254 79.432816 17 21 -0.031460070316108465 0.0010082089860546603 1967564. 4.0628576E+7 8.35265742E+8 -0.004387511924694653 -0.0034127493789964936
 12.589254 125.89252 17 22 -0.10200419658197861 0.0011400596579186565 1538774. 3.4270528E+7 7.35536412E+8 -0.0363098381599179 -0.02688102780889634
 19.952621 0.07943282 18 6 0.10301049394179347 0.012846934910327693 12118. 219721. 4404576. 0.10558445155938298 0.1050988129017425
 19.952621 0.12589255 18 7 0.09842562433233983 0.010228606865536926 19116. 348054. 6978314. 0.10116974541945087 0.10067235265570673
 19.952621 0.19952624 18 8 0.11661046997633208 0.008065302975066722 30746. 550690. 1.1068116E+7 0.12214232812229013 0.12096534140863291
 19.952621 0.31622776 18 9 0.10767298839618451 0.006434894520877869 48300. 872079. 1.7527114E+7 0.11312999307590597 0.11204752929298323
 19.952621 0.5011872 18 10 0.09165127311353193 0.005147872984390342 75470. 1382645. 2.7723508E+7 0.09446318615658882 0.093985017788623
 19.952621 0.7943282 18 11 0.10985979171800755 0.004062825753288138 121164. 2183362. 4.3843066E+7 0.11435361110415408 0.11344943264033791
 19.952621 1.2589254 18 12 0.10473904409700624 0.0032376195411908805 190800. 3454132. 6.921527E+7 0.1068848095993951 0.10647456350982365
 19.952621 1.9952624 18 13 0.10151041448885668 0.0025831171049865674 299738. 5442187. 1.09046548E+8 0.10358758464670276 0.10320154963764216
 19.952621 3.1622777 18 14 0.10088631489213092 0.0020625441034653703 470136. 8540854. 1.71168398E+8 0.10317522021711445 0.10275182643000247
 19.952621 5.0118723 18 15 0.08665203186368364 0.001660513411482771 725346. 1.3349807E+7 2.66900088E+8 0.08628545176701288 0.08634381160177296
 19.952621 7.943282 18 16 0.07866101606205032 0.0013413529630341514 1111588. 2.0610054E+7 4.12194776E+8 0.07866869239781418 0.07866757276240044
 19.952621 12.589254 18 17 0.05082939925928541 0.0011018228540960633 1647428. 3.1354111E+7 6.2633122E+8 0.04959443665215639 0.04971259627446778
 19.952621 19.952621 18 18 0.018797086315443644 0.0009196733120745758 2364628. 4.6418959E+7 9.24832722E+8 0.014927971512032718 0.01505653838983001
 19.952621 31.622776 18 19 0.001539930765449489 0.0007840239223021684 3253654. 6.497157E+7 1.299463532E+9 0.001587142039398867 0.0015869946402513602
 19.952621 50.11873 18 20 -0.020508487018822134 0.0006991883882146246 4091114. 8.3533594E+7 1.678958076E+9 -0.015628346755062694 -0.015449194077389317
 19.952621 79.432816 18 21 -0.03288631988639478 0.0006603870386741223 4585988. 9.4836529E+7 1.952584532E+9 -0.004384939260901464 -0.0033179783588034306
 19.952621 125.89252 18 22 -0.08786269939290332 0.0007409753692670044 3642692. 7.9869782E+7 1.717280182E+9 -0.01938481995187326 -0.011895559282177337
 31.622776 0.07943282 19 6 0.011817886794532733 0.008812710750235653 25752. 509013. 1.021201E+7 0.014996271003335528 0.014912304492175066
 31.622776 0.12589255 19 7 0.03130111062927298 0.00694477936664891 41468. 804170. 1.6175242E+7 0.03721345481937596 0.036822906768648744
 31.622776 0.19952624 19 8 0.029758150663704998 0.005518884821104349 65664. 1275300. 2.5616698E+7 0.034250557608845246 0.03397252714178145
 31.622776 0.31622776 19 9 0.02979771121511893 0.0043906550395367205 103746. 2014836. 4.057929E+7 0.037042132969044 0.03657521267155284
 31.622776 0.5011872 19 10 0.02630001187549151 0.0034963111525328334 163610. 3188275. 6.4207158E+7 0.033431616919551994 0.0330194151074239
 31.622776 0.7943282 19 11 0.036825655962672565 0.0027655243738106913 261502. 5044168. 1.01515062E+8 0.043341335167078256 0.04284069134191992
 31.622776 1.2589254 19 12 0.025709928975035205 0.0022120754090247967 408724. 7969404. 1.60233364E+8 0.031172692598941402 0.030871349944896043
 31.622776 1.9952624 19 13 0.02949938797618494 0.0017586374908922897 646662. 1.2562368E+7 2.52361228E+8 0.03408669497213284 0.03380462105650084
 31.622776 3.1622777 19 14 0.029037525402941113 0.0014036750280518211 1015072. 1.9728129E+7 3.9604326E+8 0.032922355255463616 0.03268932361197585
 31.622776 5.0118723 19 15 0.029797556622986436 0.0011227864156907162 1586484. 3.081088E+7 6.17565E+8 0.03207240481822389 0.031936033794769614
 31.622776 7.943282 19 16 0.027422135268024943 0.000904420166180396 2445060. 4.7594949E+7 9.53627996E+8 0.029311397225268366 0.02920726498217019
 31.622776 12.589254 19 17 0.025195523680103322 0.0007337286407427349 3715002. 7.2472395E+7 1.448672858E+9 0.024670298673254043 0.02469585887239445
 31.622776 19.952621 19 18 0.01916521367858533 0.0006046143703953057 5471080. 1.07361541E+8 2.137808574E+9 0.014715762807003699 0.014864328292905737
 31.622776 31.622776 19 19 0.002538095091424212 0.000515270159473841 7532862. 1.50272458E+8 3.001637292E+9 0.0012889958432270696 0.0012937701056316975
 31.622776 50.11873 19 20 -0.02156074397315289 0.0004600667344834456 9449054. 1.93141111E+8 3.873188156E+9 -0.01891310286501413 -0.018803876841298917
 31.622776 79.432816 19 21 -0.03587449838414493 0.00043557060092728437 1.0541754E+7 2.18675219E+8 4.492563442E+9 -0.009606102117617235 -0.00839981193451489
 31.622776 125.89252 19 22 -0.0753661144935192 0.00048667436199007294 8444094. 1.82643204E+8 3.923332708E+9 -0.006881290008000741 -0.0012095621420326053
 50.11873 0.07943282 20 6 0.007181113185059873 0.005894091629494476 57570. 1143165. 2.2855116E+7 0.00684315234659873 0.0068478597854158
 50.11873 0.12589255 20 7 0.005770046628651915 0.00468534427669442 91106. 1811626. 3.6228822E+7 0.005689932111146482 0.005690845027382263
 50.11873 0.19952624 20 8 0.016414695077909026 0.0037025864936158794 145888. 2870575. 5.7364778E+7 0.015610287283403938 0.01563565247096954
 50.11873 0.31622776 20 9 0.02010341338865163 0.0029378744881043348 231720. 4542967. 9.0837842E+7 0.01988490479190135 0.019893472220687825
 50.11873 0.5011872 20 10 0.0126001011130738 0.002344313109139085 363914. 7187553. 1.43748472E+8 0.01260456327911214 0.01260445221167128
 50.11873 0.7943282 20 11 0.02066036071062436 0.0018567229063349059 580144. 1.1367758E+7 2.271968E+8 0.019972296221676327 0.01999970666059725
 50.11873 1.2589254 20 12 0.020356876431420402 0.0014777159749677759 915900. 1.795214E+7 3.58645784E+8 0.019251445554519003 0.01929440282703143
 50.11873 1.9952624 20 13 0.021089077723932953 0.0011768151319601979 1444154. 2.8285909E+7 5.64771332E+8 0.019402915745446614 0.019469892265492117
 50.11873 3.1622777 20 14 0.023476934980873942 0.0009383580185185039 2271396. 4.4384881E+7 8.86071392E+8 0.02162485898179142 0.02170662280084823
 50.11873 5.0118723 20 15 0.022184910923439875 0.0007515398857968343 3541000. 6.9281411E+7 1.38111277E+9 0.018876673647721758 0.01900999838484818
 50.11873 7.943282 20 16 0.023827748247135197 0.0006042244232115321 5478144. 1.07010603E+8 2.13102057E+9 0.019453598722934208 0.019639305147918007
 50.11873 12.589254 20 17 0.025779903899148224 0.000489665588812096 8341244. 1.62628592E+8 3.23345304E+9 0.019773165000377048 0.02004148485846735
 50.11873 19.952621 20 18 0.021203331139943715 0.00040364375053136993 1.227534E+7 2.40403934E+8 4.763180172E+9 0.01168986413912572 0.011999176645785203
 50.11873 31.622776 20 19 0.007464929931537939 0.00034386950047208485 1.6913858E+7 3.35763131E+8 6.667011998E+9 0.0002484908178282197 0.0003041404206092224
 50.11873 50.11873 20 20 -0.01133811903174413 0.0003071289284253136 2.1202572E+7 4.28904912E+8 8.554793154E+9 -0.014002032053592465 -0.014070494627194452
 50.11873 79.432816 20 21 -0.03114640049597593 0.0002933975115260355 2.3233634E+7 4.79600083E+8 9.828550346E+9 -0.00723122039932319 -0.006306727471814488
 50.11873 125.89252 20 22 -0.0681714643346152 0.0003303309280538257 1.8328694E+7 3.93383172E+8 8.437823576E+9 -0.0006205716555798276 0.004029277349261284
 79.432816 0.07943282 21 6 0.0019879389259446455 0.004107408354139788 118548. 2366203. 4.738747E+7 0.003352998011479274 0.0033457316809792914
 79.432816 0.12589255 21 7 0.0014415267953364931 0.0032641589062570977 187710. 3748712. 7.5127102E+7 0.0035058146011802526 0.003495637543541319
 79.432816 0.19952624 21 8 0.006820012068043501 0.0025866057982256033 298930. 5937969. 1.18979506E+8 0.008708804548575944 0.008679727066625897
 79.432816 0.31622776 21 9 0.0065791844555660225 0.00205519564872991 473504. 9407971. 1.8836499E+8 0.0077014859004255745 0.007685581173481726
 79.432816 0.5011872 21 10 0.0027791100625003955 0.001637185357836932 746164. 1.4881588E+7 2.9807022E+8 0.004278872597352138 0.004268332399550934
 79.432816 0.7943282 21 11 0.012574145272465295 0.0012956705398914467 1191354. 2.3530668E+7 4.71292788E+8 0.01405873102301701 0.014019740393150126
 79.432816 1.2589254 21 12 0.00884230939545816 0.0010330986457172968 1873900. 3.714868E+7 7.43642612E+8 0.009773352292039515 0.009756188064502735
 79.432816 1.9952624 21 13 0.008479942212721601 0.0008232683716747472 2950850. 5.8519436E+7 1.170641416E+9 0.008720286161434953 0.008716187928393682
 79.432816 3.1622777 21 14 0.012741523040138848 0.0006556989385911528 4651800. 9.1863435E+7 1.835787522E+9 0.011947743909026065 0.011967110348631849
 79.432816 5.0118723 21 15 0.01608891424254734 0.0005240938267491258 7281350. 1.43317907E+8 2.859406736E+9 0.013647442244292497 0.013719065255082041
 79.432816 7.943282 21 16 0.0157154748125137 0.000422121519687533 1.122419E+7 2.21005562E+8 4.406977558E+9 0.012720127151106639 0.012804231842579838
 79.432816 12.589254 21 17 0.013999656467013738 0.00034304279801159886 1.6995478E+7 3.3520913E+8 6.675304168E+9 0.009654454166491544 0.009756253247867441
 79.432816 19.952621 21 18 0.016576943809974858 0.0002819942948343012 2.5150658E+7 4.94799622E+8 9.807048734E+9 0.007462678788986384 0.0076801592932120855
 79.432816 31.622776 21 19 0.01301655475737026 0.00023923933115609046 3.4943374E+7 6.89872061E+8 1.3671285906E+10 0.0037766491356153254 0.003931232945860064
 79.432816 50.11873 21 20 0.0025909731254408178 0.00021331656416291193 4.3952222E+7 8.76753097E+8 1.7430911896E+10 -0.0033416120374226694 -0.003346080197552004
 79.432816 79.432816 21 21 -0.022158842625393915 0.0002049999866673138 4.7590726E+7 9.7336176E+8 1.9829620018E+10 -0.003933895498552663 -0.003456478617730907
 79.432816 125.89252 21 22 -0.05726329963326283 0.00023214585351669494 3.7111468E+7 7.87295887E+8 1.6670270444E+10 -0.0018982566440014607 0.0013834549935204388
 125.89252 0.07943282 22 6 0.014092861650673512 0.0029838783905755985 224630. 4430067. 8.7173918E+7 -0.0022224370496635427 -0.0020283361495665453
 125.89252 0.12589255 22 7 0.01268308043716594 0.002372420819767328 355342. 7017675. 1.38119512E+8 -0.0034133281251738663 -0.0032636073585845526
 125.89252 0.19952624 22 8 0.019288280095217436 0.0018795398727863221 566144. 1.1108365E+7 2.18732668E+8 0.003552914402198601 0.003911056502255761
 125.89252 0.31622776 22 9 0.0216046283279244 0.001491922591157795 898540. 1.7590364E+7 3.46343808E+8 0.005761923500496413 0.006192999874170768
 125.89252 0.5011872 22 10 0.013803287276459582 0.0011904213608230365 1411330. 2.7841661E+7 5.4788462E+8 -0.00246670521252222 -0.002281803008260308
 125.89252 0.7943282 22 11 0.021969062555489843 0.0009429875974720761 2249148. 4.4014984E+7 8.65932264E+8 0.005311982262837017 0.005764003687055652
 125.89252 1.2589254 22 12 0.020327214079121372 0.0007512155817167777 3544058. 6.9467491E+7 1.366058676E+9 0.00324486986010246 0.003646233937713461
 125.89252 1.9952624 22 13 0.020950545439567845 0.0005985311871863612 5582856. 1.09363395E+8 2.14923627E+9 0.003221012134646644 0.003648186635439865
 125.89252 3.1622777 22 14 0.022275629283238316 0.0004776669727469771 8765558. 1.71487245E+8 3.366196626E+9 0.003356807190375901 0.0038401203068822998
 125.89252 5.0118723 22 15 0.022642059935907503 0.0003826640185455803 1.365824E+7 2.67110741E+8 5.232873164E+9 0.001733606399648068 0.002242381870228849
 125.89252 7.943282 22 16 0.0230558542130139 0.0003085817498942028 2.1003396E+7 4.10591958E+8 8.042236704E+9 0.0019487188800408096 0.0024754673036611052
 125.89252 12.589254 22 17 0.0228992005732917 0.00025127174803000807 3.16769E+7 6.1934138E+8 1.2123020082E+10 0.00113651806393356 0.00165900596058699
 125.89252 19.952621 22 18 0.025187559893759117 0.0002076935068738359 4.6364348E+7 9.04484424E+8 1.766441655E+10 0.0011087784764061402 0.0017412609771145782
 125.89252 31.622776 22 19 0.023590946284695078 0.00017753493230006237 6.345449E+7 1.239812998E+9 2.4268280314E+10 0.0018183687072481417 0.0023705908456441716
 125.89252 50.11873 22 20 0.024652101600621194 0.0001595423811475118 7.8573818E+7 1.533633846E+9 3.0113953174E+10 0.006009908754813168 0.006578101080864762
 125.89252 79.432816 22 21 -0.011160188841011944 0.00015824140971892452 7.9871108E+7 1.615414695E+9 3.2696508348E+10 0.0007440753283778679 0.000867979301361177
 125.89252 125.89252 22 22 -0.06641701551797233 0.00019007052928048828 5.5360554E+7 1.185953778E+9 2.5139990254E+10 -0.010467627641441614 -0.00612047453959641
